|激活密码:"2019"|
右键下载软件|
某些特殊软件下载时，下载页面会提醒“为保护你的电脑和其他文件，已删除打开、共享和其他命令。如果想自行删除恶意软件，可以下载此软件”。|
请自行决定下载，下载按钮通常在下载页面左上角。|
2019/07/10最新版，2019/05/23最新版~2019/04/08最新版~2019/04/03最新版|
所有软件仅供学习交流,严禁用于商业用途,请于24小时内删除！！|
所有软件仅供学习交流,严禁用于商业用途,请于24小时内删除！！|
所有软件仅供学习交流,严禁用于商业用途,请于24小时内删除！！|
这里所发布的一切破解补丁、注册机和注册信息均为网上摘抄而来，仅限用于学习和研究目的；不得将上述内容用于商业或者非法用途，否则，一切后果请用户自负。本站信息来自网络，版权争议与本站无关。您必须在下载后的24个小时之内，从您的电脑中彻底删除上述内容。如果您喜欢该程序，请支持正版软件，购买注册，得到更好的正版服务。如有侵权请邮件与我们联系处理。|
[ads\\]http://sfstool.3vhost.net/softwarestool/spongebob.jpg version=1.2.0[\\]
[link\]https://bamitacnz-my.sharepoint.com/personal/sharing_jingyan_online/_layouts/15/download.aspx?e=tJ7SVf&share=EU5Iw1MC3zBLuXnUh1f4MsMBsfY_E-FvpEZXDpAixyZDfw&cid=5b1176db-bfc5-46d2-ad97-ea1f4a9ebef2[\]
[version\]2.0[\]
[key\]74757C7564759275ADEF7[\]
[ads\]45945{255,216,255,224,0,16,74,70,73,70,0,1,1,0,0,1,0,1,0,0,255,219,0,132,0,4,4,4,4,5,4,5,6,6,5,7,8,7,8,7,10,10,9,9,10,10,16,11,12,11,12,11,16,24,15,17,15,15,17,15,24,21,25,21,19,21,25,21,38,30,26,26,30,38,44,37,35,37,44,53,47,47,53,67,63,67,87,87,117,1,4,4,4,4,5,4,5,6,6,5,7,8,7,8,7,10,10,9,9,10,10,16,11,12,11,12,11,16,24,15,17,15,15,17,15,24,21,25,21,19,21,25,21,38,30,26,26,30,38,44,37,35,37,44,53,47,47,53,67,63,67,87,87,117,255,194,0,17,8,2,189,2,161,3,1,34,0,2,17,1,3,17,1,255,196,0,29,0,1,0,2,1,5,1,0,0,0,0,0,0,0,0,0,0,0,8,9,7,1,2,3,5,6,4,255,218,0,8,1,1,0,0,0,0,159,192,208,6,186,26,128,0,0,0,0,0,0,0,0,0,0,0,0,0,0,0,0,0,0,0,0,0,0,0,0,0,0,0,0,0,0,0,0,0,0,0,0,0,0,0,0,0,0,0,0,0,0,0,0,0,0,0,0,0,0,0,0,0,0,0,0,0,0,0,0,0,0,0,0,0,0,0,0,52,6,186,53,208,3,86,205,250,107,161,166,237,53,208,106,209,174,141,65,160,3,93,3,80,0,1,164,66,193,3,151,137,203,196,229,150,185,230,188,252,194,72,202,61,120,43,71,48,205,72,141,128,108,59,228,175,231,47,19,110,98,154,165,119,244,28,46,89,191,148,77,34,70,2,176,238,10,245,222,28,188,67,214,88,72,0,0,210,179,97,166,186,1,174,150,113,49,105,11,31,167,149,133,184,40,46,79,218,237,104,194,251,188,235,233,79,118,214,186,74,11,94,211,90,67,199,162,221,228,56,173,24,95,119,252,116,137,174,128,55,100,139,180,0,0,26,86,124,50,185,95,100,4,116,172,59,57,152,148,133,143,221,239,119,106,57,211,196,224,74,236,232,58,95,105,145,45,62,29,87,235,233,188,15,191,211,87,156,70,181,207,100,61,71,211,72,124,110,135,165,188,13,180,131,50,103,240,27,169,231,158,237,0,0,6,149,159,12,175,51,210,120,0,201,177,142,167,108,230,98,82,22,63,22,245,33,17,234,182,91,49,239,185,182,136,205,14,252,55,95,116,250,161,116,114,178,255,0,113,145,7,13,45,241,183,173,215,229,164,25,199,99,126,11,175,30,175,208,210,98,237,0,0,6,149,159,12,175,51,162,165,45,15,162,253,99,29,78,217,204,196,164,44,126,45,234,66,6,218,68,240,26,77,251,29,168,184,241,161,101,211,58,145,126,251,172,26,109,222,52,240,20,131,56,236,102,163,35,184,178,217,159,73,139,180,0,0,26,86,124,50,188,206,146,147,135,209,126,209,142,167,108,230,97,193,76,117,12,203,122,207,208,91,37,202,72,227,135,224,167,154,103,153,45,14,241,212,234,198,209,98,204,38,108,20,232,251,144,55,72,172,198,199,244,131,56,236,110,162,163,176,179,9,155,73,139,180,0,0,26,86,124,50,188,206,166,146,71,209,126,209,142,167,108,230,98,49,149,39,238,91,190,121,160,249,63,107,181,161,12,180,209,171,119,61,249,70,26,161,179,25,153,166,49,165,32,55,89,100,207,99,250,65,156,118,55,81,81,216,89,132,205,164,197,218,0,0,13,43,62,25,94,103,83,73,35,232,191,104,199,83,182,115,49,93,94,21,137,176,203,48,122,73,245,233,242,198,50,241,192,174,124,55,159,50,124,177,141,24,89,234,102,184,12,145,237,152,254,144,103,29,141,212,84,118,22,97,51,105,49,118,128,0,3,74,207,134,87,153,209,82,200,250,47,182,49,212,237,156,204,95,159,94,120,43,94,143,162,249,220,220,90,114,110,21,21,29,146,126,214,107,82,25,50,149,214,108,217,191,123,102,195,147,192,210,12,227,177,186,144,143,34,202,166,85,38,46,208,0,0,105,89,240,202,243,61,144,17,142,167,108,230,98,82,31,97,117,186,106,225,160,121,69,107,149,167,11,174,247,32,10,138,142,195,93,25,74,234,225,13,112,91,196,134,71,26,143,46,255,0,74,65,156,118,54,13,20,152,187,64,0,1,165,103,195,43,58,244,192,97,24,29,103,19,18,144,187,43,172,198,120,183,57,250,74,8,148,54,187,90,16,198,240,187,252,1,144,178,205,69,71,169,61,227,112,126,98,247,241,219,220,93,108,35,173,235,119,144,145,151,196,71,92,71,142,239,3,109,32,201,201,136,6,149,169,219,93,160,0,0,210,179,33,174,173,3,93,116,179,105,143,72,61,149,214,65,10,241,183,156,249,65,50,134,215,107,66,24,93,239,193,74,51,134,199,106,39,0,95,148,98,170,27,48,153,212,133,247,221,116,34,173,235,119,207,244,31,34,173,178,180,161,133,224,124,212,145,187,104,27,153,34,237,0,0,6,152,31,24,128,25,227,39,210,15,101,117,152,135,10,99,14,130,28,202,11,93,173,120,85,44,61,78,93,242,24,251,41,247,243,11,193,199,127,1,227,243,23,172,148,240,142,183,173,222,65,67,239,107,36,107,94,20,222,7,161,138,252,156,60,220,46,110,17,222,74,176,0,0,211,86,214,227,77,118,107,166,234,66,236,110,179,103,37,66,199,237,36,253,174,86,140,50,211,40,221,100,34,173,251,116,144,218,237,228,173,24,99,119,57,5,9,43,122,221,100,67,110,181,179,10,110,243,32,107,174,221,188,141,154,238,54,111,0,0,1,142,170,24,115,221,188,116,172,203,15,149,212,133,227,61,156,210,157,149,11,129,46,227,3,215,183,156,232,153,74,235,58,111,57,92,152,97,35,44,203,205,117,21,95,218,219,180,35,173,239,99,247,179,253,159,86,196,41,247,124,162,210,115,171,1,85,240,200,22,252,0,0,30,63,161,99,218,145,61,255,0,113,107,56,70,6,216,76,164,168,172,123,142,103,165,132,214,22,23,186,104,245,90,195,220,89,71,161,245,181,139,130,217,198,119,250,223,67,72,92,182,213,17,32,83,126,77,207,118,101,91,16,164,22,239,33,241,142,6,172,143,101,223,99,223,121,118,128,0,3,74,205,134,128,184,76,231,65,18,138,215,6,50,164,233,233,97,38,160,198,20,161,56,44,120,70,42,158,179,9,157,72,62,3,65,244,223,150,229,104,195,0,91,212,130,160,142,61,44,198,102,82,98,237,0,0,6,145,115,10,188,212,54,219,186,101,228,79,61,246,118,178,63,45,195,63,57,210,125,253,150,253,179,175,26,70,51,143,131,163,206,210,94,40,120,89,211,24,170,126,204,38,117,33,99,224,230,176,142,125,145,123,7,77,45,176,199,110,233,147,145,43,207,98,82,102,200,51,223,221,168,0,0,211,77,88,202,148,118,235,175,61,249,198,42,163,179,73,139,72,157,141,213,65,42,243,211,232,191,72,195,84,45,53,202,55,86,84,86,0,191,24,197,84,54,97,51,169,11,31,13,218,107,163,93,183,123,193,73,90,107,174,154,237,215,118,214,73,187,64,0,1,182,13,198,183,168,153,229,114,226,25,7,147,101,54,78,246,184,55,198,66,236,229,32,155,32,102,79,149,58,42,223,164,205,146,154,106,84,84,122,207,249,66,83,198,236,53,132,58,161,98,249,118,164,56,181,156,50,107,56,120,170,72,28,150,233,189,7,227,35,37,93,160,0,0,210,179,225,147,41,93,7,38,202,145,192,127,52,159,181,93,251,248,113,149,44,78,203,8,229,224,161,105,55,106,90,239,164,239,3,242,205,203,25,169,8,242,147,214,177,91,80,216,249,244,91,150,123,161,142,21,152,76,239,155,28,210,150,221,220,252,151,201,202,173,104,105,244,100,123,173,0,0,26,86,124,50,106,209,112,57,218,130,53,210,206,230,21,33,227,253,53,91,204,131,70,42,159,178,249,156,197,244,165,169,163,118,219,47,153,236,97,74,3,86,139,48,153,212,131,224,116,209,110,242,22,130,56,181,46,219,35,106,0,0,16,178,59,58,104,236,92,70,112,160,127,107,155,102,180,133,164,47,55,33,139,2,202,241,147,193,199,217,157,35,99,183,141,139,152,243,17,143,105,155,166,116,142,99,58,77,201,25,107,5,249,23,176,206,89,195,39,86,119,83,34,113,206,35,183,121,11,65,28,76,197,239,236,179,216,128,0,0,99,26,79,46,7,59,208,60,164,181,146,144,251,27,172,31,61,5,74,27,92,209,89,31,85,151,70,56,106,107,156,39,168,198,148,153,56,108,118,162,227,170,72,91,109,108,66,150,72,187,88,67,92,22,239,33,104,35,137,102,51,52,0,0,13,177,35,8,88,62,145,70,58,197,217,59,235,225,142,68,145,156,220,17,59,154,89,13,153,119,160,199,211,147,166,196,251,134,230,205,255,0,95,199,197,237,50,149,39,204,203,27,168,168,236,247,210,83,219,250,119,195,139,177,54,7,183,121,11,65,25,78,107,248,143,58,244,246,2,0,0,21,147,13,239,19,220,32,149,120,238,211,110,253,141,90,237,107,191,158,252,163,21,126,89,205,85,113,114,238,250,117,226,227,217,247,253,93,127,71,190,193,112,255,0,215,99,181,21,29,219,150,89,51,152,222,147,52,210,221,228,29,5,72,203,107,173,72,97,174,71,187,64,0,0,172,184,107,238,242,101,186,65,42,243,180,220,215,72,178,62,203,206,76,111,80,165,165,231,60,129,213,244,49,202,190,254,173,159,71,215,187,230,113,125,188,223,39,217,229,36,238,69,241,150,57,228,122,138,77,207,118,119,7,163,35,135,195,232,183,105,15,224,254,223,91,90,176,186,223,178,79,182,0,0,27,107,242,43,178,45,178,195,120,61,103,249,158,150,51,116,237,246,61,246,59,240,21,176,89,238,108,198,125,207,179,136,213,255,0,247,182,125,124,219,190,77,57,116,251,251,63,57,158,242,54,37,158,14,26,93,145,86,217,0,226,134,60,248,94,159,213,88,14,93,201,221,63,135,128,145,66,219,242,62,69,0,0,26,106,52,215,70,168,199,83,214,111,49,169,11,177,186,193,243,208,84,159,181,152,139,4,121,62,175,159,236,229,251,126,111,163,160,229,251,56,125,14,90,247,53,217,163,84,143,182,226,144,113,250,112,216,237,69,199,171,246,142,117,32,107,146,110,208,0,0,105,30,49,80,27,230,214,38,135,114,187,55,82,23,101,117,152,91,5,52,240,57,102,96,196,152,25,232,56,122,175,179,233,237,59,31,61,175,7,93,207,234,164,71,44,77,207,145,115,195,77,188,163,51,35,238,36,128,220,114,247,189,244,126,75,224,177,140,97,12,205,125,68,244,0,0,10,202,134,192,125,55,235,166,165,33,118,55,89,4,171,185,244,223,171,134,46,192,111,69,203,229,187,79,155,238,229,211,178,246,120,119,230,202,82,35,169,241,22,63,81,113,250,252,121,21,169,11,25,42,236,225,13,112,91,188,135,3,77,64,0,6,220,91,227,42,215,201,37,148,196,174,172,77,126,216,38,0,78,57,31,130,249,51,156,17,175,11,23,203,80,95,58,207,136,197,9,122,174,251,175,232,254,227,185,250,50,30,45,243,94,158,82,252,30,42,199,170,42,61,72,93,250,72,204,193,87,93,46,112,205,114,15,49,122,99,72,69,27,30,206,207,128,0,3,129,73,30,33,57,236,14,164,48,101,243,198,58,173,178,217,125,204,217,5,171,234,218,243,189,10,73,219,84,140,80,75,181,249,254,206,147,238,235,189,23,31,217,216,248,78,183,150,90,253,254,30,197,170,82,62,124,251,249,108,146,100,210,79,131,230,155,86,47,195,175,54,170,213,134,188,57,26,237,0,0,2,178,33,197,227,251,100,17,175,43,124,207,84,15,40,109,106,179,161,189,221,252,84,159,60,108,50,161,163,225,38,37,236,16,251,119,242,117,31,111,193,221,244,158,211,235,241,254,79,238,145,182,31,11,107,138,222,51,253,6,200,203,107,173,56,94,201,55,101,185,81,113,238,253,183,182,233,73,171,181,0,0,10,206,134,86,115,239,164,36,93,136,246,7,149,40,31,56,206,220,27,141,229,39,65,90,211,210,194,106,23,1,73,198,99,201,80,99,237,251,252,239,39,221,235,60,23,7,54,223,167,174,233,164,172,215,131,80,230,221,228,29,5,72,187,109,134,17,205,221,74,29,251,96,22,34,181,157,230,216,189,219,217,80,0,0,210,179,225,147,40,221,99,93,56,168,28,179,121,141,72,120,249,61,44,38,161,176,37,250,184,162,60,17,250,59,46,45,156,221,143,157,226,211,230,203,159,38,34,146,217,10,186,22,239,32,104,50,69,219,112,199,84,140,26,232,46,227,35,0,0,3,0,227,103,85,140,228,84,157,131,248,194,24,230,25,157,225,252,198,84,243,149,253,61,44,38,161,176,4,209,101,46,242,4,246,93,175,201,213,125,127,55,22,159,95,193,233,242,22,44,145,210,154,9,197,73,57,237,242,231,187,146,133,124,244,217,74,61,69,57,195,147,171,79,42,205,136,153,128,174,251,32,0,0,3,110,237,49,125,41,206,251,14,168,56,250,148,54,185,89,144,218,239,58,250,82,158,86,25,80,177,236,147,18,174,191,187,191,77,230,180,227,227,226,223,203,151,114,215,75,138,36,108,196,133,181,197,175,209,126,90,234,214,144,254,139,180,132,21,195,110,210,18,130,100,109,181,214,156,46,187,108,143,168,0,0,219,94,81,70,227,125,39,137,239,125,37,66,71,215,113,234,167,52,147,171,111,174,208,59,223,71,80,209,236,206,182,17,90,189,255,0,87,207,195,233,124,199,23,97,148,178,31,207,245,246,25,155,12,193,111,48,250,47,207,2,86,13,131,203,95,19,224,42,226,83,205,63,95,217,120,31,191,215,214,140,51,246,249,30,223,64,0,6,218,252,138,246,113,233,222,139,214,84,30,0,201,197,130,202,138,66,236,110,179,203,249,122,195,194,57,51,169,242,87,3,141,112,207,99,244,245,95,119,203,247,119,158,155,181,250,126,175,73,145,233,203,193,61,247,115,106,184,130,2,79,233,92,199,244,133,47,103,143,184,237,197,104,194,246,74,187,64,0,1,166,155,168,235,195,167,125,134,212,22,8,191,93,27,119,210,15,101,117,144,74,187,223,77,249,198,42,159,177,169,115,243,108,211,25,225,185,7,235,245,240,184,23,114,78,248,154,131,211,75,119,207,244,31,34,173,187,77,116,199,52,147,170,221,100,57,165,104,195,6,74,187,64,0,1,164,120,197,62,23,102,217,9,37,225,86,61,177,156,113,25,228,70,87,164,30,202,235,32,149,119,62,139,246,196,240,235,208,253,178,207,185,219,12,107,214,95,251,246,51,137,141,103,71,163,242,152,122,63,205,92,141,93,50,46,219,136,123,142,224,78,99,207,147,59,39,177,236,98,243,125,46,239,79,61,0,0,6,149,151,13,175,43,218,52,212,70,58,157,179,153,137,72,93,149,214,65,26,239,125,23,236,86,140,47,188,79,116,132,85,188,1,148,110,178,17,214,246,186,36,133,183,20,131,224,52,156,118,54,35,149,71,89,148,204,105,168,0,0,210,179,225,149,230,112,86,24,50,100,164,202,62,206,144,187,43,172,130,53,222,250,47,219,5,215,246,48,240,183,135,186,176,252,46,48,25,226,193,96,236,100,101,43,171,132,117,189,98,185,126,163,253,38,97,48,87,163,180,28,47,30,44,79,47,212,143,150,195,118,97,51,107,5,103,224,0,3,74,207,134,87,153,209,82,200,36,229,168,239,228,164,46,202,235,32,141,119,253,63,77,242,198,90,171,46,191,224,165,243,143,137,40,109,118,181,161,155,39,221,52,36,174,91,113,144,20,21,196,250,53,100,123,166,132,149,201,110,242,22,130,28,150,75,49,233,77,118,160,0,3,74,207,134,87,153,236,56,185,2,48,213,77,152,204,106,65,236,174,178,9,87,117,187,231,122,22,147,182,179,166,218,76,236,46,147,118,149,25,30,116,148,54,187,183,77,52,221,179,126,238,42,12,226,214,202,230,123,27,82,158,156,86,239,33,104,34,69,91,69,108,67,94,60,145,118,128,0,3,74,207,134,87,153,236,128,193,176,18,111,72,250,65,227,179,76,47,130,44,55,45,84,198,114,159,120,167,194,214,31,160,186,198,149,235,135,35,142,116,159,89,87,220,224,46,92,235,224,113,182,101,239,232,51,137,102,19,59,1,248,200,133,224,113,93,187,200,90,151,204,118,11,90,112,199,62,228,107,57,0,0,26,86,124,50,188,207,100,209,169,166,221,218,82,31,128,78,251,13,107,163,90,211,133,236,161,117,131,230,160,205,118,217,116,207,164,62,202,233,225,29,112,219,180,128,160,238,45,108,190,102,82,31,211,118,80,138,184,173,214,67,10,211,133,247,109,145,192,0,3,74,207,134,87,153,236,145,202,46,206,28,156,196,16,195,155,134,38,246,147,255,0,47,102,237,66,180,33,141,132,228,89,93,31,98,175,39,4,50,204,19,63,196,121,140,165,183,22,250,191,109,142,186,92,187,139,33,46,124,202,81,51,150,86,226,140,17,38,253,160,192,216,162,239,178,0,0,0,105,89,80,222,242,61,178,9,87,117,191,231,244,96,170,3,126,79,186,205,187,180,212,86,140,49,187,191,127,186,16,87,0,148,22,189,90,16,194,239,62,26,81,155,246,63,81,113,250,252,163,165,71,155,180,211,93,55,109,221,166,155,182,221,246,64,0,0,7,153,234,125,175,59,163,232,61,95,96,235,60,179,74,120,242,94,206,106,78,154,182,194,87,110,121,190,163,218,120,26,134,233,124,200,237,253,76,229,147,190,215,143,199,118,254,150,162,163,245,249,199,58,144,46,27,222,27,106,227,5,221,191,50,189,34,69,223,100,0,0,0,211,201,244,192,7,168,239,42,19,30,248,9,163,57,107,203,19,91,65,233,251,255,0,1,140,170,55,209,122,134,220,113,221,122,249,181,37,31,79,189,43,3,8,91,30,8,172,50,240,61,159,130,239,253,69,69,199,171,177,237,125,165,105,194,235,122,200,222,244,0,0,105,89,80,224,1,165,155,204,70,51,165,13,203,119,207,52,28,89,108,205,164,95,3,182,111,216,243,229,160,217,61,107,213,163,12,25,66,234,247,31,53,8,241,109,47,3,229,164,185,189,99,213,21,29,181,145,246,217,90,80,201,146,110,204,0,0,105,89,240,202,100,247,0,99,168,201,103,19,21,141,233,39,53,231,73,167,145,171,163,29,70,57,93,156,160,55,152,78,59,26,139,126,6,185,178,212,201,242,157,51,214,78,252,61,130,100,247,183,160,175,123,39,99,246,33,188,14,210,6,103,185,67,81,113,230,109,229,57,149,22,48,99,212,79,80,0,1,165,103,195,43,202,246,109,66,49,212,245,156,76,77,49,157,40,78,251,11,110,70,42,159,212,215,73,197,99,85,21,30,77,44,190,103,54,33,29,112,219,198,126,160,233,21,109,117,169,11,238,255,0,222,138,140,143,119,238,211,118,154,181,0,0,26,86,124,50,188,207,158,177,53,57,45,194,49,212,237,156,204,74,187,249,102,119,184,201,53,215,135,222,87,15,181,180,143,150,176,39,53,140,97,191,49,81,185,218,192,163,150,29,123,171,58,240,88,222,40,120,57,209,224,34,142,48,240,185,235,239,52,196,30,110,253,240,197,121,106,180,31,104,0,0,26,86,124,50,188,206,146,147,135,209,126,209,142,167,108,230,98,82,23,101,117,133,66,199,205,238,50,239,190,10,85,155,214,54,224,160,217,61,107,117,169,12,89,66,234,74,138,143,215,231,28,170,71,147,83,136,114,223,156,116,169,114,236,178,56,0,0,105,89,240,202,243,58,154,73,31,69,251,70,58,157,179,153,137,72,93,149,214,21,11,128,239,210,48,213,9,120,158,231,70,230,155,91,244,208,220,84,84,126,191,56,229,82,54,93,51,152,226,146,131,150,71,91,70,173,192,0,0,210,179,225,149,230,117,52,146,62,139,246,140,117,59,103,51,18,144,187,43,172,199,120,214,188,113,45,180,227,136,204,89,239,109,131,125,230,80,6,41,241,110,203,59,248,12,99,94,152,138,217,112,229,123,77,185,48,243,144,251,80,247,242,131,42,123,140,12,207,96,0,3,74,207,134,87,153,211,82,96,250,47,218,49,212,237,156,204,74,66,236,174,178,9,87,128,148,22,184,211,110,50,165,41,193,99,166,141,107,74,23,178,125,214,66,26,226,55,104,104,201,23,101,188,35,133,73,217,92,206,164,213,218,0,0,13,43,62,25,94,103,97,20,185,68,202,140,117,59,103,51,18,37,243,202,236,59,132,97,30,52,178,159,127,35,218,87,199,83,148,60,183,136,223,190,201,113,20,48,247,126,158,190,61,53,214,194,58,222,156,57,42,182,120,131,208,202,249,9,42,97,30,50,178,143,11,27,51,214,84,164,197,218,0,0,13,43,62,25,94,47,184,106,17,122,169,44,222,98,232,215,143,117,68,224,75,242,107,199,173,35,118,55,85,9,43,119,127,209,126,17,138,168,172,190,102,210,47,223,117,112,142,183,173,215,63,208,151,6,187,182,183,105,56,44,110,163,35,213,251,111,54,210,106,237,0,0,6,149,159,12,178,23,48,29,95,140,179,137,138,33,156,22,177,28,189,145,117,87,236,76,180,31,113,238,225,29,111,90,30,109,169,124,235,63,189,55,121,224,57,61,220,35,173,239,113,216,227,141,186,216,52,180,120,10,132,156,86,55,81,81,227,35,7,133,247,151,104,0,0,21,237,21,0,11,10,149,66,25,193,123,66,206,66,191,162,109,189,251,132,65,129,54,129,155,105,78,68,217,80,34,12,9,5,129,75,39,129,168,153,127,61,43,3,5,129,239,173,216,0,0,52,212,0,211,81,166,160,52,213,166,186,53,1,166,160,26,107,166,186,106,6,154,128,0,0,0,0,0,0,0,0,0,0,0,0,0,0,0,0,0,0,0,0,0,0,0,0,0,0,0,0,0,0,0,0,0,0,0,0,0,0,0,0,0,0,0,0,0,0,0,0,0,0,0,0,0,0,0,0,0,0,0,0,0,0,0,0,0,0,0,0,0,0,0,0,0,0,0,0,0,0,0,0,0,0,0,0,0,0,0,1,212,240,119,28,174,191,103,23,113,215,118,30,95,139,186,223,175,223,193,167,31,15,39,195,193,246,124,123,123,31,159,131,191,229,113,252,255,0,103,87,215,246,124,124,29,175,205,175,221,168,0,0,0,0,31,46,46,237,126,255,0,175,94,159,151,172,202,56,207,220,227,254,179,216,120,127,69,232,126,173,253,47,132,231,244,91,249,250,110,167,221,120,94,124,167,218,188,223,133,215,185,232,125,71,65,231,189,167,89,231,50,231,160,0,0,0,0,3,226,240,93,151,99,233,152,251,187,243,190,199,198,251,108,83,245,119,158,119,33,244,255,0,107,175,243,155,59,191,159,233,226,249,123,191,37,242,101,127,171,179,242,93,39,75,232,58,143,167,230,211,189,235,254,95,103,233,0,0,0,0,0,217,193,244,108,229,124,95,103,23,6,221,252,124,219,126,159,143,238,213,179,131,147,118,207,155,111,38,191,70,221,54,125,124,63,39,209,179,235,249,248,254,135,205,191,151,152,0,0,0,0,0,0,0,0,0,0,0,0,0,0,0,0,0,0,0,0,0,0,0,0,0,0,0,0,0,0,0,0,0,0,255,196,0,24,1,1,1,1,1,1,0,0,0,0,0,0,0,0,0,0,0,0,2,3,1,4,255,218,0,8,1,2,16,0,0,0,0,0,0,0,0,0,0,0,0,0,0,0,0,0,0,0,0,0,0,0,0,0,0,0,0,0,0,0,0,0,0,0,0,0,0,0,0,0,0,0,0,0,0,0,0,0,0,0,0,0,0,0,0,0,0,0,0,0,0,0,0,0,0,0,0,0,0,0,0,0,0,0,0,0,0,0,0,0,0,0,0,0,0,0,0,0,0,0,28,238,81,90,80,0,0,0,1,60,114,121,58,106,0,0,0,0,99,194,230,59,232,0,0,0,0,60,121,235,117,233,242,227,237,0,0,0,0,49,139,168,105,59,112,0,0,0,1,17,172,59,167,100,0,0,0,0,156,180,85,235,156,0,0,0,0,19,151,94,167,16,0,0,0,0,0,0,0,0,0,0,0,0,0,0,0,0,0,0,0,0,0,0,0,0,0,0,0,0,0,0,0,0,0,0,0,0,0,0,0,0,0,0,0,0,0,0,0,0,0,0,0,0,0,0,0,0,0,0,0,0,0,0,0,0,0,0,0,0,0,0,0,0,0,0,0,0,0,0,0,0,0,0,0,0,0,0,0,0,0,0,0,0,0,0,0,0,0,0,0,0,0,0,0,0,0,0,0,0,0,15,255,196,0,25,1,1,0,3,1,1,0,0,0,0,0,0,0,0,0,0,0,0,1,2,3,4,5,255,218,0,8,1,3,16,0,0,0,0,0,0,0,0,0,0,0,0,0,0,0,0,0,0,0,0,0,0,0,0,0,0,0,0,0,0,0,0,0,0,0,0,0,0,0,0,0,0,0,0,0,0,0,0,0,0,0,0,0,0,0,0,0,0,0,0,0,0,0,0,0,0,0,0,0,0,0,0,0,0,0,0,0,0,0,0,0,0,0,0,0,0,0,0,0,0,0,76,218,99,90,101,0,0,0,0,6,151,155,69,175,205,144,0,0,0,1,209,172,91,40,213,196,0,0,0,0,119,233,146,152,235,183,158,0,0,0,0,118,196,68,206,23,231,0,0,0,0,55,189,72,197,0,0,0,0,6,155,86,107,92,44,0,0,0,0,45,208,158,120,136,0,0,0,0,0,0,0,0,0,0,0,0,0,0,0,0,0,0,0,0,0,0,0,0,0,0,0,0,0,0,0,0,0,0,0,0,0,0,0,0,0,0,0,0,0,0,0,0,0,0,0,0,0,0,0,0,0,0,0,0,0,0,0,0,0,0,0,0,0,0,0,0,0,0,0,0,0,0,0,0,0,0,0,0,0,0,0,0,0,0,0,0,0,0,0,0,0,0,0,0,0,0,0,0,0,0,0,0,0,3,255,196,0,58,16,0,0,5,3,3,2,4,4,6,2,1,4,2,3,0,0,0,3,4,5,6,1,2,7,16,23,54,17,22,18,19,32,53,33,50,51,64,20,21,34,38,49,52,48,65,35,36,66,80,81,37,144,82,113,128,255,218,0,8,1,1,0,1,8,1,255,0,233,119,175,167,174,189,117,234,58,142,163,174,189,117,234,58,250,58,233,212,117,211,175,162,190,142,163,174,189,125,93,125,29,125,93,126,234,191,200,200,25,5,214,54,236,157,42,93,236,146,13,236,146,13,236,146,13,236,146,13,239,147,13,236,146,13,236,146,13,239,147,13,236,146,13,236,146,13,239,147,12,125,41,93,36,105,82,169,87,64,245,151,95,208,60,56,36,47,123,36,131,123,36,131,29,78,28,228,199,175,181,86,151,245,182,203,171,77,236,146,8,46,74,121,127,127,177,10,145,144,103,238,209,183,52,169,210,239,92,144,50,173,53,123,59,114,179,36,14,6,182,177,184,173,43,123,36,99,123,36,131,123,228,195,123,36,131,123,36,131,122,228,130,15,146,94,95,223,172,66,163,87,172,186,254,133,221,197,37,155,223,37,27,217,36,27,217,36,27,223,38,16,199,197,47,145,196,139,212,122,50,12,253,214,52,228,149,58,93,236,146,6,101,198,175,103,110,86,99,242,243,155,217,92,86,23,189,82,49,189,146,65,189,146,65,189,146,65,189,146,65,189,146,65,189,242,97,189,146,65,189,146,65,189,146,65,189,146,64,195,151,31,220,30,155,145,155,246,185,183,146,160,255,0,38,20,227,107,244,149,242,135,189,112,119,246,95,52,234,12,250,70,105,136,121,145,58,102,207,127,110,210,41,197,217,4,215,137,62,122,241,23,49,43,209,43,228,239,126,156,87,193,219,125,57,179,223,219,180,138,113,118,49,49,183,246,147,239,249,33,188,181,135,237,179,127,38,65,164,118,59,30,50,62,209,125,253,179,26,29,179,26,29,179,26,29,179,26,29,179,26,29,179,26,29,179,26,25,81,145,153,28,72,195,83,12,39,198,151,233,43,229,15,154,163,114,113,69,226,170,94,231,146,12,108,169,74,168,107,121,170,58,82,163,182,99,67,36,160,66,209,24,49,83,111,115,201,2,197,235,150,223,109,234,129,82,39,242,139,176,178,226,207,79,43,100,141,41,149,118,204,104,102,38,150,180,45,141,119,37,208,175,169,96,237,152,216,74,202,204,144,223,53,48,204,14,238,168,159,16,88,151,185,228,130,58,198,198,170,62,210,161,71,108,198,135,108,198,135,108,198,135,108,198,130,100,169,146,147,105,73,204,250,70,11,164,210,79,21,71,115,201,7,115,73,2,197,235,150,223,109,234,132,83,139,177,9,157,63,105,62,105,135,27,144,46,114,116,181,87,108,198,135,108,198,135,108,198,135,108,198,135,108,198,135,108,198,135,108,198,135,109,70,196,176,162,137,147,189,22,92,55,150,176,253,182,111,228,200,52,140,241,182,64,161,73,9,136,48,227,187,218,34,59,218,34,59,218,34,59,218,34,41,53,137,105,151,184,105,186,97,62,52,191,73,95,40,124,244,226,222,14,219,174,78,111,92,190,40,97,9,59,38,94,59,38,94,59,42,92,15,32,210,13,48,163,98,74,8,77,38,104,60,238,246,136,140,152,121,50,84,40,9,101,236,153,112,90,133,90,21,55,167,84,87,212,176,119,172,68,119,180,68,119,180,68,100,164,170,100,142,168,212,51,118,76,188,48,202,35,168,89,27,18,42,79,45,140,169,60,178,73,244,25,215,202,51,165,208,169,111,138,163,178,165,195,178,165,195,178,101,227,178,101,226,52,73,196,71,153,202,54,103,79,218,79,154,96,239,119,117,209,108,158,60,133,77,233,213,119,180,68,119,180,68,119,180,68,119,180,68,55,59,54,185,23,113,136,132,203,150,191,8,111,45,97,251,108,223,201,144,105,25,227,108,130,109,79,218,47,126,146,190,173,154,101,238,26,110,152,79,141,47,210,87,201,222,253,56,183,131,182,235,208,124,117,149,242,119,189,112,135,186,187,105,149,62,19,135,47,78,19,246,7,29,37,124,157,236,66,185,115,32,165,61,61,7,196,124,71,196,124,116,153,211,246,147,230,152,59,221,221,71,251,25,83,156,57,122,112,159,176,56,233,50,229,175,194,27,203,88,126,219,55,242,100,26,70,120,219,32,155,113,7,207,73,95,86,205,50,247,13,55,76,39,198,151,232,239,135,84,175,117,92,172,60,226,5,13,141,75,86,215,92,91,193,219,69,247,120,109,186,163,124,18,136,158,78,38,66,239,98,11,68,203,33,19,25,92,157,53,251,226,148,59,173,162,247,69,203,41,164,18,98,92,97,82,195,175,223,20,194,88,251,107,235,234,151,11,108,183,197,117,40,54,57,80,149,227,35,227,205,21,93,112,194,94,192,229,163,190,29,82,189,213,122,177,102,50,62,51,125,30,175,223,4,163,124,83,13,241,76,55,197,48,223,20,195,124,83,13,241,76,55,197,32,134,203,75,147,33,61,77,154,76,233,251,73,243,76,29,238,238,163,253,140,173,206,92,253,56,75,216,28,180,153,114,215,225,13,229,172,63,109,155,249,50,13,35,60,109,144,77,233,251,65,239,210,87,213,179,76,189,195,77,211,9,241,165,250,205,56,131,239,163,22,240,134,208,111,210,51,76,67,204,138,211,53,251,251,119,248,10,250,182,105,151,120,105,186,97,47,96,114,29,116,154,241,23,207,240,225,63,97,113,214,103,79,218,79,154,96,239,119,117,31,236,101,110,114,231,233,194,94,192,229,164,203,150,191,8,111,45,97,251,108,223,201,144,105,25,227,108,130,111,79,218,15,126,146,190,173,154,101,238,26,110,152,79,141,47,213,106,52,203,82,30,148,253,175,130,140,169,20,97,98,33,170,230,240,215,60,149,53,34,45,34,59,50,116,218,235,169,109,118,190,12,26,33,17,134,117,148,84,132,61,196,35,207,103,150,115,134,215,193,134,215,193,70,215,193,70,215,193,70,215,193,70,215,193,132,253,169,11,84,169,106,52,116,173,105,90,84,110,132,224,68,95,93,101,239,54,53,61,237,124,20,77,151,170,132,47,78,138,63,186,19,129,186,19,128,203,55,147,189,187,161,108,95,181,240,97,181,240,81,181,240,81,181,240,81,181,240,81,181,240,81,181,240,81,92,93,6,12,177,230,150,66,12,37,191,73,157,63,105,62,105,131,189,221,212,127,177,149,185,203,159,167,9,123,3,150,147,46,90,252,33,188,181,135,237,179,127,38,65,164,103,141,178,9,167,18,124,30,81,163,202,52,121,70,143,40,208,81,70,249,182,105,151,184,105,186,97,62,52,191,79,52,191,224,80,194,235,94,154,102,251,110,170,86,78,158,81,163,202,52,20,81,158,109,131,205,44,82,251,43,252,10,223,109,191,207,154,88,235,233,202,220,229,207,92,71,117,41,49,42,181,243,75,25,170,235,110,126,110,233,164,35,151,177,105,117,212,182,159,31,52,177,75,169,90,117,166,149,186,148,167,90,249,165,143,52,177,230,150,58,137,157,63,105,62,105,131,189,221,212,127,177,148,236,190,179,135,46,158,81,163,202,52,121,70,143,40,209,133,41,117,172,46,61,68,203,150,191,8,111,45,97,251,108,223,201,144,105,25,227,108,159,224,203,220,52,221,48,159,26,95,164,175,148,62,8,79,46,99,244,155,244,175,211,16,115,50,116,205,223,9,3,126,145,78,46,199,233,202,220,229,207,252,16,142,94,197,166,110,246,182,157,49,87,7,109,215,43,240,133,222,136,167,23,98,19,58,126,210,124,211,7,123,187,175,248,102,92,181,248,67,121,107,15,219,102,254,76,131,70,92,167,19,72,204,218,152,221,222,134,141,222,134,13,222,134,141,222,134,13,222,134,13,222,134,141,222,134,137,254,64,142,189,199,175,70,140,97,62,52,191,73,95,40,124,16,142,94,197,164,142,88,209,30,181,61,203,247,122,26,25,94,17,187,183,18,185,41,159,76,205,49,7,51,39,76,217,239,237,218,69,56,171,24,113,94,67,122,21,10,207,166,95,134,8,228,209,142,64,113,229,33,25,91,156,185,139,109,173,110,165,6,208,76,186,7,220,125,34,100,65,114,197,130,59,7,126,144,38,52,244,59,65,50,11,145,156,137,98,132,198,194,185,107,30,153,191,218,90,52,197,124,25,180,95,119,75,107,81,187,176,234,9,12,165,166,102,214,99,43,78,208,204,132,138,50,230,192,164,162,23,8,167,23,98,19,58,126,210,124,211,25,202,90,163,203,151,154,187,119,161,131,119,161,131,119,161,131,119,161,131,119,161,163,119,161,131,119,161,131,119,97,162,66,180,133,207,206,138,137,134,242,214,31,181,168,205,156,145,7,248,186,233,133,56,210,241,65,43,229,15,130,17,203,216,180,206,31,214,100,211,22,240,134,208,111,210,191,76,65,204,201,211,54,123,251,118,145,78,46,200,38,156,69,239,76,33,238,142,218,101,94,114,230,10,250,182,105,151,120,105,186,97,47,96,114,210,85,240,147,189,136,87,45,99,29,70,111,246,150,141,49,95,6,109,7,253,35,5,223,53,195,20,115,84,35,255,0,67,54,123,251,118,145,78,46,196,38,60,81,247,252,144,222,90,195,246,181,18,156,124,211,36,92,82,165,91,41,27,27,41,27,27,39,27,27,41,27,27,39,27,27,41,27,27,41,27,27,39,27,27,41,27,27,39,27,27,41,27,17,104,178,24,218,35,146,165,160,149,242,135,193,8,229,236,90,74,225,173,210,107,18,216,171,101,35,97,198,104,227,8,88,99,2,11,179,84,146,235,107,77,49,7,51,39,76,225,200,27,180,110,203,143,232,80,36,73,98,60,146,243,35,84,75,50,173,147,141,135,116,69,227,66,202,88,213,189,114,64,219,13,110,156,35,177,253,125,48,180,110,149,165,116,146,71,146,63,181,220,133,78,202,70,195,187,169,248,216,251,27,154,183,174,72,18,226,246,71,212,196,187,40,106,196,204,45,174,73,22,148,51,127,180,180,105,138,248,51,104,186,158,43,107,65,178,177,186,136,238,51,101,98,117,41,122,113,156,57,3,118,145,78,46,196,28,208,20,224,222,173,25,148,194,81,202,141,144,142,13,148,141,141,144,142,13,148,141,141,148,141,141,144,142,141,148,141,141,148,141,141,148,141,141,148,141,134,204,72,192,222,226,145,97,127,117,241,244,215,209,43,229,15,130,21,203,152,245,160,202,92,221,207,92,67,204,138,211,53,251,251,126,176,174,92,199,166,110,246,166,157,49,103,7,109,244,230,207,127,110,210,43,197,217,53,205,254,210,209,166,43,224,237,190,156,225,200,27,180,138,113,118,77,58,105,254,253,21,251,233,113,199,145,23,120,52,158,235,147,142,235,148,14,236,148,14,236,148,2,229,114,127,50,205,50,138,213,136,162,102,28,151,186,228,227,16,184,47,94,192,180,197,98,87,202,31,1,39,156,65,182,26,87,118,74,6,29,119,116,94,165,226,139,40,50,151,55,115,5,253,75,7,105,69,198,71,110,64,205,25,189,99,95,118,74,2,215,39,5,247,219,122,189,33,60,189,139,69,205,109,139,237,182,213,125,167,22,19,247,71,38,137,82,228,77,189,215,40,29,215,40,24,181,245,237,108,172,162,84,133,172,172,235,204,180,197,157,167,22,18,9,3,234,55,215,68,201,162,50,73,9,242,134,114,141,25,191,218,90,52,74,254,250,144,139,73,77,221,146,129,221,146,129,140,159,223,22,75,209,146,164,103,14,64,221,161,82,105,17,37,88,81,125,217,40,29,215,40,29,217,40,29,215,39,24,217,90,181,112,230,243,212,105,147,21,171,71,16,88,114,110,236,148,14,236,148,14,236,148,14,236,148,8,172,150,68,116,153,152,163,126,213,193,253,145,180,219,74,91,222,177,1,222,177,1,45,150,198,20,198,29,201,39,84,113,121,18,212,246,30,150,200,92,178,219,237,173,123,214,32,50,3,163,123,252,114,244,45,61,149,45,24,149,173,201,177,133,97,107,68,146,35,39,62,66,238,113,74,34,82,100,196,24,113,195,6,127,113,235,76,137,24,145,46,151,184,30,148,184,84,183,204,179,76,158,220,189,124,80,194,18,118,84,184,118,84,184,118,84,184,118,84,180,70,227,111,237,207,237,139,86,119,172,64,55,62,178,185,93,125,168,134,71,140,72,87,75,215,168,75,217,82,225,217,82,209,143,154,220,99,242,50,215,59,119,172,64,55,59,54,185,21,113,136,132,175,148,61,136,146,130,19,73,153,206,59,189,98,35,46,191,50,185,183,54,88,139,74,82,181,29,149,45,24,218,51,33,65,46,70,122,161,156,57,3,119,175,21,240,102,221,59,210,34,50,76,154,60,186,34,177,58,80,222,192,246,228,93,198,34,236,169,104,60,131,147,156,97,38,195,121,107,15,219,102,223,132,149,7,175,22,219,214,12,212,13,167,252,70,105,136,57,153,35,253,250,38,220,65,243,76,25,253,199,175,241,77,120,131,230,152,67,221,93,189,57,119,134,27,166,18,246,7,45,37,124,161,239,212,87,213,176,91,242,219,174,108,247,246,239,94,42,224,205,130,239,150,225,119,205,118,184,71,167,228,46,58,76,121,99,240,134,242,214,31,181,168,156,99,179,164,206,100,42,183,99,85,13,141,84,30,113,2,134,198,149,171,171,172,87,41,146,196,194,145,190,237,238,77,125,60,3,99,85,2,98,183,227,203,255,0,62,51,124,82,8,116,176,185,43,113,202,236,14,121,137,58,7,37,168,235,126,77,34,77,109,89,44,216,213,64,130,54,191,196,113,219,226,144,111,162,113,110,110,77,91,237,166,146,201,29,145,230,139,151,221,190,137,70,250,37,27,232,148,111,138,49,126,77,38,75,101,204,150,108,114,161,5,128,27,24,84,176,235,196,159,41,16,196,246,165,186,235,115,114,90,221,74,14,163,47,112,195,116,194,94,192,229,164,175,148,61,250,172,175,134,251,106,41,155,210,244,27,232,156,111,138,81,57,150,217,38,112,76,166,192,215,135,84,47,108,68,176,59,225,229,13,205,107,86,215,88,150,83,37,133,133,43,125,215,103,4,181,160,173,122,214,186,193,178,25,49,134,245,41,175,223,4,161,233,125,28,93,215,173,164,55,150,176,253,173,127,157,58,14,130,107,79,218,47,158,146,190,173,154,101,222,26,110,152,87,141[\]
